Oct 19, 2018	9.72	9.79	9.63	9.77	24,658,400	1,271,064,762
Oct 18, 2018	9.93	9.96	9.64	9.72	29,790,800	1,298,188,465
Oct 17, 2018	10.03	10.03	9.82	9.90	35,325,400	1,177,440,729
Oct 16, 2018	10.32	10.33	9.92	10.01	30,719,200	1,212,170,178
Oct 15, 2018	9.48	10.44	9.42	10.32	52,331,400	1,113,507,483
Oct 14, 2018	9.55	9.64	9.47	9.50	22,974,000	1,121,155,809
Oct 13, 2018	9.49	9.63	9.48	9.54	24,253,100	1,114,778,825
Oct 12, 2018	9.28	9.66	9.24	9.53	26,099,400	1,089,960,156
Oct 11, 2018	10.31	10.31	9.25	9.30	26,084,400	1,210,800,386
Oct 10, 2018	10.36	10.40	10.21	10.33	26,141,100	1,216,594,507
Oct 09, 2018	10.54	10.57	10.23	10.38	27,881,100	1,237,371,561
Oct 08, 2018	10.53	10.63	10.46	10.51	31,932,700	1,236,922,318
Oct 07, 2018	10.40	10.53	10.30	10.52	32,205,000	1,221,312,395
Oct 06, 2018	10.65	10.75	10.30	10.37	30,941,000	1,250,195,417
Oct 05, 2018	10.25	10.72	10.24	10.64	40,756,200	1,203,940,895
Oct 04, 2018	10.29	10.39	10.22	10.26	32,534,900	1,208,096,865
Oct 03, 2018	10.33	10.44	10.06	10.27	38,371,900	1,213,024,870
Oct 02, 2018	9.94	10.61	9.88	10.36	41,386,000	1,166,933,312
Oct 01, 2018	10.01	10.05	9.88	9.94	25,138,500	1,175,577,005
Sep 30, 2018	10.00	10.04	9.85	10.02	26,954,000	1,174,837,340
Sep 29, 2018	9.96	10.03	9.76	10.00	26,072,400	1,119,562,858
Sep 28, 2018	10.04	10.23	9.89	9.97	25,097,900	1,129,262,199
Sep 27, 2018	9.74	10.08	9.67	10.03	26,966,900	1,094,775,437
Sep 26, 2018	9.78	9.90	9.59	9.74	18,370,400	1,099,809,229
Sep 25, 2018	10.03	10.03	9.51	9.78	19,256,100	1,128,281,970
Sep 24, 2018	10.29	10.32	9.94	10.04	19,223,700	1,157,200,806
Sep 23, 2018	10.27	10.37	10.16	10.28	22,673,000	1,155,118,102
Sep 22, 2018	10.42	10.53	9.97	10.25	21,731,800	1,171,618,134
Sep 21, 2018	10.06	10.44	9.96	10.41	35,228,200	960,890,089
Sep 20, 2018	9.63	10.10	9.60	10.07	27,983,700	920,139,394
Sep 19, 2018	9.56	9.78	9.31	9.62	22,684,800	912,785,872
Sep 18, 2018	9.39	9.64	9.28	9.54	23,016,100	896,917,186
Sep 17, 2018	9.95	10.01	9.32	9.41	22,370,800	950,323,536
Sep 16, 2018	10.12	10.13	9.78	9.94	20,623,100	966,242,411
Sep 15, 2018	9.90	10.20	9.90	10.11	27,281,100	946,017,176
Sep 14, 2018	9.64	10.09	9.55	9.93	26,124,800	920,436,887
Sep 13, 2018	9.22	9.69	9.22	9.60	24,817,100	881,060,160
Sep 12, 2018	9.39	9.48	9.04	9.21	21,323,500	896,437,336
Sep 11, 2018	9.52	9.61	9.23	9.37	18,572,100	909,469,728
Sep 10, 2018	9.58	9.71	9.37	9.52	12,427,900	914,628,761
Sep 09, 2018	9.55	9.73	9.27	9.51	13,947,300	912,022,738
Sep 08, 2018	10.03	10.19	9.41	9.52	15,053,100	958,255,100
Sep 07, 2018	10.26	10.27	9.87	10.04	16,640,400	980,416,225
Sep 06, 2018	10.05	10.30	9.62	10.28	23,466,000	960,235,532
Sep 05, 2018	11.41	11.54	10.09	10.09	29,308,300	1,089,780,203
Sep 04, 2018	11.31	11.42	11.26	11.36	18,878,700	1,080,285,753
Sep 03, 2018	11.35	11.41	11.11	11.26	18,644,300	1,083,679,140
Sep 02, 2018	11.43	11.46	11.14	11.30	21,757,400	1,092,034,445
Sep 01, 2018	11.03	11.54	11.03	11.38	29,776,300	1,053,181,473
Aug 31, 2018	10.76	11.02	10.60	11.01	22,638,200	1,027,737,998
Aug 30, 2018	11.17	11.19	10.38	10.76	23,247,800	1,066,800,016
Aug 29, 2018	11.47	11.47	10.91	11.17	33,530,600	1,095,622,759
Aug 28, 2018	11.16	11.50	10.84	11.49	43,860,800	1,065,989,881
Aug 27, 2018	10.22	11.34	10.13	11.21	44,953,500	976,047,197
Aug 26, 2018	10.11	10.27	9.81	10.19	22,551,200	966,035,368
Aug 25, 2018	10.19	10.25	9.98	10.14	19,561,400	973,587,552
Aug 24, 2018	9.76	10.23	9.56	10.23	22,814,900	932,538,179
Aug 23, 2018	9.50	9.72	9.40	9.72	17,327,500	907,268,591
Aug 22, 2018	9.74	10.20	9.26	9.54	23,929,500	929,904,101
Aug 21, 2018	9.68	9.85	9.42	9.71	13,228,100	924,593,316
Aug 20, 2018	10.14	10.20	9.64	9.70	17,617,700	968,663,617
Aug 19, 2018	9.92	10.30	9.75	10.16	21,218,500	947,620,322
Aug 18, 2018	10.78	10.97	9.54	9.91	27,803,700	1,030,093,438
Aug 17, 2018	9.78	10.87	9.72	10.87	37,502,400	934,331,972
Aug 16, 2018	9.53	9.98	9.39	9.80	24,709,700	910,283,872
Aug 15, 2018	9.41	10.59	9.40	9.46	42,994,900	898,578,173
Aug 14, 2018	10.30	10.30	8.66	9.42	39,515,200	984,209,670
Aug 13, 2018	11.77	11.95	10.18	10.23	34,827,100	1,124,296,392
Aug 12, 2018	11.69	11.86	11.50	11.74	23,290,300	1,116,316,004
Aug 11, 2018	12.11	12.16	11.37	11.74	29,253,100	1,156,716,831
Aug 10, 2018	12.77	12.82	11.81	12.13	37,026,400	1,219,512,788
Aug 09, 2018	12.16	12.87	12.10	12.86	41,389,000	1,161,589,120
Aug 08, 2018	13.13	13.14	11.98	12.14	44,898,500	1,253,974,051
Aug 07, 2018	13.66	13.91	13.13	13.15	45,119,500	1,304,555,493
Aug 06, 2018	13.69	13.98	13.50	13.70	46,799,600	1,307,338,226
Aug 05, 2018	13.86	13.90	13.29	13.62	43,000,300	1,323,679,385
Aug 04, 2018	14.11	14.46	13.57	13.84	60,865,200	1,347,937,352
Aug 03, 2018	14.09	14.21	13.64	14.13	70,449,300	1,345,579,816
Aug 02, 2018	13.63	14.18	13.41	14.18	50,481,200	1,301,912,488
Aug 01, 2018	13.77	14.06	13.23	13.57	53,833,700	1,315,172,782
Jul 31, 2018	13.21	14.06	13.04	13.78	66,537,000	1,261,822,999
Jul 30, 2018	13.95	13.95	13.07	13.22	35,991,600	1,332,179,975
Jul 29, 2018	14.60	14.70	13.66	14.02	56,547,100	1,394,301,312
Jul 28, 2018	14.03	14.87	13.72	14.60	75,159,904	1,339,620,480
Jul 27, 2018	13.39	14.03	13.06	13.92	66,040,700	1,279,151,488
Jul 26, 2018	12.92	13.55	12.91	13.40	61,881,400	1,234,165,120
Jul 25, 2018	12.09	13.47	12.08	12.94	72,083,200	1,154,459,904
Jul 24, 2018	12.02	12.25	11.65	12.15	46,762,700	1,148,270,592
Jul 23, 2018	12.14	12.34	11.91	12.02	28,137,700	1,159,216,384
Jul 22, 2018	12.19	12.27	11.96	12.12	20,692,400	1,164,183,040
Jul 21, 2018	12.07	12.46	11.90	12.19	28,726,700	1,153,285,120
Jul 20, 2018	12.92	12.97	11.89	12.07	40,466,000	1,233,878,528
Jul 19, 2018	12.83	13.35	12.77	12.92	49,364,800	1,224,957,696
Jul 18, 2018	13.74	13.86	12.72	12.86	75,446,304	1,566,915,840
Jul 17, 2018	13.36	13.89	12.87	13.71	74,443,200	1,523,352,064
Jul 16, 2018	12.31	13.39	12.20	13.24	47,198,600	1,403,836,928
Jul 15, 2018	12.09	12.40	12.02	12.29	26,346,900	1,378,565,248
Jul 14, 2018	12.19	12.27	11.97	12.10	21,534,200	1,390,505,472
Jul 13, 2018	12.09	12.43	12.04	12.18	29,709,900	1,379,158,400
Jul 12, 2018	12.69	12.77	11.90	12.07	26,008,100	1,447,400,704
Jul 11, 2018	12.82	12.89	12.25	12.70	38,867,700	1,462,568,064
Jul 10, 2018	13.61	13.66	12.67	12.76	36,507,100	1,552,603,776
Jul 09, 2018	14.04	14.09	13.63	13.66	36,874,000	1,600,957,184
Jul 08, 2018	14.40	14.42	13.93	13.99	60,275,400	1,641,955,072
Jul 07, 2018	13.54	14.40	13.43	14.40	79,974,896	1,544,221,696
Jul 06, 2018	13.98	13.99	13.28	13.53	33,466,000	1,593,852,416
Jul 05, 2018	14.04	14.14	13.65	13.85	41,185,300	1,601,094,144
Jul 04, 2018	14.23	14.33	13.91	14.01	37,043,700	1,622,374,272
Jul 03, 2018	14.56	14.78	14.08	14.17	60,657,300	1,660,828,928
Jul 02, 2018	14.40	14.82	14.06	14.57	55,614,000	1,641,932,288
Jul 01, 2018	14.68	14.69	14.14	14.40	38,434,400	1,673,692,800
Jun 30, 2018	14.55	15.18	14.29	14.66	59,676,900	1,659,198,080
Jun 29, 2018	14.17	14.65	13.78	14.51	52,784,600	1,616,455,424
Jun 28, 2018	14.03	14.75	13.86	14.12	67,290,496	1,600,102,016
Jun 27, 2018	14.07	14.31	13.89	14.05	44,136,600	1,604,239,488
Jun 26, 2018	14.93	14.99	13.87	14.12	37,503,400	1,702,966,016
Jun 25, 2018	14.46	15.07	13.83	14.92	60,358,000	1,648,700,032
Jun 24, 2018	15.57	15.59	13.54	14.45	96,256,304	1,775,725,440
Jun 23, 2018	15.60	16.06	15.36	15.55	70,431,104	1,779,232,384
Jun 22, 2018	17.07	17.24	15.26	15.59	113,751,000	1,946,846,208
Jun 21, 2018	16.07	17.27	15.92	17.05	122,980,000	1,832,899,968
Jun 20, 2018	16.76	16.86	15.74	16.06	65,190,300	1,911,424,256
Jun 19, 2018	16.78	16.94	16.21	16.70	80,738,096	1,913,625,600
Jun 18, 2018	16.62	17.19	16.22	16.88	106,776,000	1,895,562,496
Jun 17, 2018	15.78	17.23	15.76	16.58	107,346,000	1,799,459,328
Jun 16, 2018	14.94	15.98	14.94	15.81	81,354,704	1,703,353,728
Jun 15, 2018	14.88	15.65	14.69	15.05	79,159,296	1,697,163,648
Jun 14, 2018	14.64	15.03	14.14	14.90	80,329,504	1,669,593,984
Jun 13, 2018	15.30	15.72	14.03	14.59	97,415,904	1,744,478,464
Jun 12, 2018	15.52	16.16	14.99	15.23	116,016,000	1,770,455,040
Jun 11, 2018	14.14	15.38	13.79	15.38	83,039,696	1,612,034,688
Jun 10, 2018	15.93	15.93	13.59	14.18	79,288,200	1,816,514,048
Jun 09, 2018	16.31	16.89	15.96	15.96	85,299,904	1,860,232,576
Jun 08, 2018	16.35	16.63	15.83	16.27	94,394,600	1,864,514,176
Jun 07, 2018	17.27	17.44	16.18	16.26	131,031,000	1,969,089,408
Jun 06, 2018	15.60	17.36	15.35	17.25	157,806,000	1,778,931,840
Jun 05, 2018	14.25	15.67	14.21	15.60	101,474,000	1,625,536,640
Jun 04, 2018	14.68	14.68	13.67	14.26	58,219,100	1,673,629,824
Jun 03, 2018	14.68	14.95	14.33	14.57	82,182,304	1,674,348,416
Jun 02, 2018	14.32	14.85	14.01	14.68	87,983,000	1,632,979,328
Jun 01, 2018	14.25	14.41	13.79	14.24	80,342,200	1,625,287,040
May 31, 2018	12.56	14.22	12.41	14.19	93,931,696	1,432,563,584
May 30, 2018	12.61	12.80	12.27	12.57	43,146,300	1,437,882,496
May 29, 2018	11.96	12.68	11.77	12.57	48,807,700	1,363,415,168
May 28, 2018	12.60	12.75	11.70	11.89	33,398,400	1,436,871,552
May 27, 2018	12.79	12.79	12.33	12.61	36,691,600	1,458,098,688
May 26, 2018	12.96	13.20	12.70	12.76	43,258,400	1,478,316,032
May 25, 2018	13.03	13.37	12.64	13.01	49,173,800	1,486,252,800
May 24, 2018	12.61	13.19	12.20	13.00	54,410,900	1,438,059,136
May 23, 2018	13.85	13.93	12.33	12.63	68,215,200	1,579,806,080
May 22, 2018	14.57	14.84	13.75	13.93	86,545,104	1,661,682,432
May 21, 2018	14.13	14.79	13.82	14.72	97,367,296	1,610,878,848
May 20, 2018	14.35	14.37	13.69	14.12	95,390,200	1,636,510,336
May 19, 2018	15.13	15.62	13.99	14.25	138,320,992	1,725,971,072
May 18, 2018	12.36	16.22	12.05	15.14	243,260,992	1,409,708,928
May 17, 2018	12.32	12.97	12.27	12.47	54,251,500	1,404,491,008
May 16, 2018	12.56	12.57	11.95	12.26	35,233,200	1,432,144,640
May 15, 2018	12.85	13.27	12.51	12.57	45,696,200	1,465,877,376
May 14, 2018	13.16	13.17	12.36	12.87	49,317,700	1,500,590,464
May 13, 2018	13.01	13.55	12.74	13.12	70,816,496	1,483,453,696
May 12, 2018	12.97	13.15	12.25	12.94	44,001,000	1,479,426,048
May 11, 2018	13.88	14.09	12.59	12.99	57,027,500	1,582,949,504
May 10, 2018	14.68	15.05	13.82	13.82	68,250,000	1,673,560,448
May 09, 2018	13.52	14.81	13.08	14.66	99,046,304	1,542,353,792
May 08, 2018	13.70	13.92	13.15	13.53	57,865,500	1,562,884,992
May 07, 2018	13.94	13.97	12.99	13.70	59,800,200	1,589,622,272
May 06, 2018	14.36	14.80	13.68	13.94	74,731,600	1,637,897,088
May 05, 2018	14.32	14.50	14.21	14.37	71,502,096	1,632,987,776
May 04, 2018	14.63	14.68	14.24	14.33	79,940,496	1,668,197,248
May 03, 2018	14.44	14.78	14.21	14.65	104,726,000	1,646,943,616
May 02, 2018	14.17	14.41	13.94	14.41	80,730,304	1,615,982,976
May 01, 2018	14.31	14.31	13.61	14.16	75,433,904	1,632,460,032
Apr 30, 2018	15.06	15.16	14.11	14.31	83,765,800	1,717,773,312
Apr 29, 2018	15.16	15.40	14.56	15.06	105,495,000	1,729,339,648
Apr 28, 2018	14.28	15.33	14.23	15.20	122,360,000	1,628,859,648
Apr 27, 2018	14.65	14.77	14.18	14.33	101,995,000	1,670,354,560
Apr 26, 2018	13.35	14.71	13.25	14.65	127,788,000	1,522,126,720
Apr 25, 2018	15.21	15.93	13.05	13.29	144,820,992	1,734,799,744
Apr 24, 2018	13.65	15.62	13.65	15.27	165,599,008	1,556,455,808
Apr 23, 2018	12.88	13.83	12.85	13.63	132,041,000	1,468,586,624
Apr 22, 2018	13.35	13.35	12.86	12.88	84,873,000	1,522,941,056
Apr 21, 2018	12.57	13.67	12.44	13.38	141,582,000	1,433,432,576
Apr 20, 2018	12.35	12.72	11.93	12.58	86,036,096	1,408,753,408
Apr 19, 2018	12.26	12.43	12.04	12.35	78,661,696	1,398,475,392
Apr 18, 2018	11.79	12.39	11.53	12.28	90,015,104	1,344,991,488
Apr 17, 2018	12.23	12.46	11.67	11.77	77,537,400	1,394,313,984
Apr 16, 2018	13.05	13.06	12.08	12.21	75,965,504	1,487,933,440
Apr 15, 2018	13.30	13.58	12.92	13.06	115,373,000	1,546,025,856
Apr 14, 2018	13.45	13.84	12.99	13.24	94,980,800	1,564,259,968
Apr 13, 2018	13.15	13.76	12.75	13.54	148,215,008	1,529,125,504
Apr 12, 2018	12.42	12.95	11.91	12.95	133,239,000	1,444,360,576
Apr 11, 2018	12.04	12.23	11.78	12.23	92,759,696	1,399,970,432
Apr 10, 2018	11.91	12.40	11.85	12.04	87,608,200	1,384,148,352
Apr 09, 2018	12.12	12.55	11.61	11.87	80,643,696	1,409,186,944
Apr 08, 2018	12.51	12.51	12.12	12.12	79,045,000	1,454,721,280
Apr 07, 2018	12.27	12.63	12.27	12.46	87,924,896	1,426,153,088
Apr 06, 2018	12.49	12.64	12.04	12.26	81,989,696	1,452,424,576
Apr 05, 2018	12.20	12.62	12.14	12.45	103,864,000	1,418,219,648
Apr 04, 2018	13.29	13.44	12.00	12.19	119,600,000	1,545,413,248
Apr 03, 2018	12.64	13.95	12.33	13.36	141,287,008	1,470,085,120
Apr 02, 2018	11.07	12.65	11.02	12.62	116,071,000	1,286,445,696
Apr 01, 2018	11.15	11.30	10.38	11.07	87,918,096	1,104,193,664
Mar 31, 2018	10.39	11.39	10.29	11.06	89,256,304	1,029,045,568
Mar 30, 2018	10.17	10.75	9.74	10.35	75,551,600	1,006,891,392
Mar 29, 2018	11.70	11.73	10.17	10.20	81,352,096	1,158,081,792
Mar 28, 2018	11.52	12.25	11.39	11.64	92,931,200	1,140,558,848
Mar 27, 2018	12.12	12.23	10.88	11.51	102,579,000	1,199,936,256
Mar 26, 2018	12.91	12.91	10.96	12.06	132,353,000	1,278,619,264
Mar 25, 2018	13.14	14.23	12.57	12.78	189,518,000	1,300,568,704
Mar 24, 2018	11.71	14.84	11.60	13.09	255,358,000	1,159,064,192
Mar 23, 2018	10.05	11.98	9.54	11.74	157,246,000	995,066,752
Mar 22, 2018	10.03	10.91	9.57	10.07	112,305,000	992,959,296
Mar 21, 2018	9.17	10.29	9.08	9.98	131,761,000	907,616,064
Mar 20, 2018	8.99	9.24	8.66	9.16	96,919,504	889,856,512
Mar 19, 2018	9.09	9.26	8.50	8.99	97,938,896	900,037,568
Mar 18, 2018	8.96	8.96	7.86	8.95	94,840,304	886,909,632
Mar 17, 2018	9.20	9.50	8.66	8.99	94,679,904	910,826,240
Mar 16, 2018	9.13	9.39	8.64	9.11	97,626,000	904,245,888
Mar 15, 2018	8.94	9.40	8.42	9.10	104,531,000	885,637,120
Mar 14, 2018	10.13	10.67	8.55	8.96	124,112,000	1,003,011,072
Mar 13, 2018	8.00	11.00	7.90	10.12	216,111,008	792,008,576
Mar 12, 2018	8.30	8.55	7.74	8.04	51,188,100	821,728,000
Mar 11, 2018	7.65	8.42	7.38	8.27	45,451,700	757,333,056
Mar 10, 2018	8.27	8.35	7.63	7.67	41,645,000	818,560,768
Mar 09, 2018	8.26	8.33	7.17	8.31	46,893,300	817,991,360
Mar 08, 2018	9.04	9.14	8.12	8.31	48,535,100	894,659,264
Mar 07, 2018	9.40	10.13	8.24	9.03	79,740,800	930,265,280
Mar 06, 2018	10.15	10.15	9.15	9.38	38,182,600	1,005,470,592
Mar 05, 2018	10.40	10.44	10.10	10.11	38,605,100	1,030,126,400
Mar 04, 2018	10.21	10.39	9.90	10.35	37,886,900	1,010,655,232
Mar 03, 2018	10.29	10.45	10.13	10.22	40,001,900	1,018,428,032
Mar 02, 2018	10.46	10.54	10.14	10.22	46,449,100	1,035,376,640
Mar 01, 2018	10.45	10.67	10.33	10.51	72,474,200	1,034,516,480
Feb 28, 2018	10.69	11.18	10.39	10.44	69,036,400	1,058,943,744
Feb 27, 2018	9.97	11.10	9.82	10.66	97,184,400	986,727,232
Feb 26, 2018	9.37	10.06	9.13	9.90	53,540,300	927,687,680
Feb 25, 2018	9.15	9.49	8.94	9.35	43,814,500	906,298,752
Feb 24, 2018	9.69	9.84	8.78	9.14	48,709,200	959,200,384
Feb 23, 2018	8.87	9.73	8.66	9.69	53,626,800	878,591,168
Feb 22, 2018	9.40	9.81	8.71	8.90	47,216,100	931,201,152
Feb 21, 2018	9.88	10.19	9.15	9.38	55,087,600	978,027,200
Feb 20, 2018	11.09	11.19	9.79	9.90	66,512,400	1,098,196,608
Feb 19, 2018	10.67	11.19	10.65	11.08	54,898,800	1,056,158,912
Feb 18, 2018	11.69	11.70	10.68	10.70	62,044,700	1,157,727,872
Feb 17, 2018	11.08	11.87	10.95	11.69	76,093,504	1,096,733,312
Feb 16, 2018	10.91	11.20	10.43	11.20	71,131,800	1,080,732,160
Feb 15, 2018	10.39	11.28	10.10	10.93	108,962,000	1,028,825,024
Feb 14, 2018	9.02	10.65	8.99	10.40	68,781,600	892,700,864
Feb 13, 2018	9.32	9.35	8.77	8.99	41,593,400	922,579,584
Feb 12, 2018	8.71	9.40	8.71	9.32	50,792,600	862,555,968
Feb 11, 2018	9.20	9.35	8.14	8.70	68,554,600	911,014,976
Feb 10, 2018	9.73	10.36	8.85	9.26	80,123,200	963,676,224
Feb 09, 2018	8.61	9.89	8.34	9.73	9,284	852,179,520
Feb 08, 2018	8.09	8.72	8.09	8.60	82,496,000	801,391,552
Feb 07, 2018	8.32	9.22	7.35	8.10	77,970,304	823,329,408
Feb 06, 2018	6.81	8.56	5.59	8.29	97,189,904	673,916,480
Feb 05, 2018	8.43	8.55	6.13	6.71	55,276,900	834,443,264
Feb 04, 2018	9.75	9.75	8.10	8.46	49,990,000	964,954,688
Feb 03, 2018	9.70	10.27	8.61	9.75	56,556,200	960,105,600
Feb 02, 2018	9.41	10.46	7.22	9.65	91,468,200	931,519,744
Feb 01, 2018	11.18	11.39	8.71	9.52	82,984,200	1,106,810,880
Jan 31, 2018	11.27	11.41	10.57	11.15	50,435,000	1,115,718,144
Jan 30, 2018	12.77	12.77	11.06	11.25	59,389,600	1,264,765,696
Jan 29, 2018	13.55	13.67	12.68	12.76	71,294,304	1,341,186,944
Jan 28, 2018	13.30	13.81	13.20	13.54	93,871,104	1,317,057,920
Jan 27, 2018	13.23	13.44	12.89	13.25	84,009,400	1,310,273,664
Jan 26, 2018	13.21	13.59	12.29	13.22	113,429,000	1,308,063,744
Jan 25, 2018	13.76	14.14	13.06	13.23	105,648,000	1,362,479,360
Jan 24, 2018	13.19	14.19	12.79	13.63	105,736,000	1,306,054,656
Jan 23, 2018	13.00	13.96	11.78	13.09	91,706,200	1,287,331,328
Jan 22, 2018	14.20	14.45	11.91	13.01	138,026,000	1,405,874,048
Jan 21, 2018	16.25	16.25	13.36	14.07	141,562,000	1,608,866,048
Jan 20, 2018	15.03	16.65	15.03	16.19	156,744,992	1,488,592,512
Jan 19, 2018	14.31	15.64	13.99	14.94	139,882,000	1,416,946,048
Jan 18, 2018	14.25	15.96	13.51	14.28	204,899,008	1,411,006,336
Jan 17, 2018	13.62	15.54	9.66	14.20	299,411,008	1,348,863,360
Jan 16, 2018	19.63	19.63	10.44	13.89	399,951,008	1,944,040,064
Jan 15, 2018	20.80	23.60	19.33	19.56	244,154,000	2,059,530,240
Jan 14, 2018	22.25	22.25	19.14	20.78	129,239,000	2,203,405,312
Jan 13, 2018	22.35	23.67	21.37	22.17	181,676,000	2,212,494,848
Jan 12, 2018	21.48	24.91	19.93	22.32	387,537,984	2,126,408,448
Jan 11, 2018	17.57	23.15	15.29	21.04	389,228,000	1,739,335,424
Jan 10, 2018	17.71	17.71	15.17	17.39	146,582,000	1,753,334,272
Jan 09, 2018	18.17	20.32	16.80	17.41	194,750,000	1,799,475,712
Jan 08, 2018	18.65	19.22	15.35	18.26	296,617,984	1,846,267,392
Jan 07, 2018	22.77	22.77	18.24	18.66	258,050,000	2,254,460,672
Jan 06, 2018	14.87	23.51	14.82	22.76	637,020,992	1,472,228,480
Jan 05, 2018	9.15	16.72	9.09	14.92	341,504,992	905,550,144
Jan 04, 2018	9.45	9.54	8.85	9.21	158,819,008	935,270,464
Jan 03, 2018	8.77	9.58	8.53	9.54	108,852,000	868,367,104
Jan 02, 2018	8.46	9.12	8.22	8.84	104,789,000	837,431,040
Jan 01, 2018	8.63	8.70	7.96	8.41	66,422,800	854,444,160
Dec 31, 2017	7.76	8.84	7.71	8.64	74,927,904	768,675,968
Dec 30, 2017	8.71	8.76	7.19	7.84	72,933,904	862,785,088
Dec 29, 2017	9.32	9.53	8.54	8.81	70,849,400	922,673,920
Dec 28, 2017	10.13	10.20	8.15	9.32	109,298,000	1,002,642,496
Dec 27, 2017	9.25	11.30	8.49	10.11	167,808,000	916,301,760
Dec 26, 2017	6.56	10.62	6.50	9.03	167,812,992	649,460,352
Dec 25, 2017	5.31	6.96	5.25	6.56	66,374,400	525,623,872
Dec 24, 2017	4.74	5.29	4.20	5.29	43,676,900	469,508,448
Dec 23, 2017	4.39	5.13	4.31	4.84	32,930,300	435,162,240
Dec 22, 2017	5.21	5.21	3.51	4.34	36,672,600	515,413,408
Dec 21, 2017	5.18	5.70	4.81	5.18	46,905,500	513,379,040
Dec 20, 2017	5.79	5.79	4.93	5.18	47,866,900	573,155,520
Dec 19, 2017	5.65	6.55	5.58	5.79	66,695,200	559,132,160
Dec 18, 2017	5.79	6.22	5.28	5.62	66,623,700	573,528,512
Dec 17, 2017	4.67	6.75	4.67	5.76	98,159,600	462,329,792
Dec 16, 2017	4.17	4.73	3.92	4.66	54,002,400	412,736,800
Dec 15, 2017	3.16	4.41	3.14	4.00	52,745,900	312,557,280
Dec 14, 2017	2.77	3.16	2.77	3.16	40,335,300	274,608,992
Dec 13, 2017	2.69	2.88	2.57	2.78	28,429,500	266,059,024
Dec 12, 2017	2.73	2.78	2.61	2.68	24,523,200	269,956,256
Dec 11, 2017	2.51	2.82	2.50	2.71	19,427,000	248,824,048
Dec 10, 2017	2.66	2.70	2.21	2.48	19,258,500	263,509,680
Dec 09, 2017	2.83	2.87	2.33	2.61	27,217,000	279,815,744
Dec 08, 2017	2.77	2.87	2.26	2.83	38,648,500	273,882,496
Dec 07, 2017	2.55	2.91	2.49	2.78	28,297,900	252,426,368
Dec 06, 2017	2.58	2.78	2.35	2.59	41,731,500	255,499,008
Dec 05, 2017	2.50	2.73	2.50	2.60	49,190,000	247,714,464
Dec 04, 2017	2.26	2.58	2.26	2.49	41,226,200	223,582,832
Dec 03, 2017	2.09	2.38	2.05	2.23	35,163,500	206,484,992
Dec 02, 2017	2.08	2.12	2.00	2.08	24,332,700	205,658,464
Dec 01, 2017	2.00	2.14	1.92	2.07	28,867,200	197,726,064
Nov 30, 2017	1.76	2.05	1.76	2.00	31,559,500	174,407,136
Nov 29, 2017	1.92	2.05	1.68	1.75	43,765,500	190,537,024
Nov 28, 2017	1.96	1.96	1.87	1.92	36,377,700	193,953,168
Nov 27, 2017	1.87	1.95	1.79	1.94	22,826,600	185,238,576
Nov 26, 2017	1.89	1.94	1.83	1.85	9,056,850	187,605,728
Nov 25, 2017	1.72	1.96	1.69	1.87	12,839,900	170,004,384
Nov 24, 2017	1.57	1.82	1.56	1.72	12,155,400	155,405,520
Nov 23, 2017	1.61	1.62	1.54	1.55	8,392,640	159,471,584
Nov 22, 2017	1.59	1.62	1.56	1.61	7,177,000	157,480,752
Nov 21, 2017	1.66	1.66	1.55	1.57	5,440,790	164,182,272
Nov 20, 2017	1.63	1.66	1.56	1.62	12,994,500	160,956,288
Nov 19, 2017	1.67	1.70	1.57	1.61	38,081,700	165,686,208
Nov 18, 2017	1.51	1.68	1.50	1.67	32,167,300	149,646,016
Nov 17, 2017	1.58	1.58	1.50	1.51	8,508,840	156,446,816
Nov 16, 2017	1.56	1.68	1.54	1.58	8,928,640	154,085,040
Nov 15, 2017	1.59	1.62	1.50	1.53	7,615,500	157,211,936
Nov 14, 2017	1.69	1.74	1.57	1.59	7,829,600	167,262,272
Nov 13, 2017	1.53	1.74	1.52	1.69	12,238,800	151,096,496
Nov 12, 2017	1.67	1.67	1.46	1.52	15,298,700	165,243,184
Nov 11, 2017	1.79	1.92	1.61	1.67	8,178,150	176,866,240
Nov 10, 2017	2.01	2.07	1.64	1.80	11,155,000	198,793,136
Nov 09, 2017	2.05	2.17	1.89	1.99	19,192,200	203,289,344
Nov 08, 2017	1.80	2.06	1.78	2.03	18,796,200	178,133,040
Nov 07, 2017	1.57	1.82	1.55	1.81	9,469,500	155,362,096
Nov 06, 2017	1.53	1.67	1.48	1.57	5,042,750	151,372,000
Nov 05, 2017	1.64	1.64	1.46	1.52	2,681,150	162,104,816
Nov 04, 2017	1.46	1.70	1.40	1.64	4,685,320	144,162,160
Nov 03, 2017	1.29	1.48	1.29	1.46	3,201,070	128,179,832
Nov 02, 2017	1.26	1.37	1.20	1.30	3,550,520	124,782,736
Nov 01, 2017	1.34	1.34	1.22	1.26	2,118,920	132,199,784
Oct 31, 2017	1.34	1.41	1.27	1.31	3,397,150	132,277,504
Oct 30, 2017	1.23	1.36	1.20	1.31	2,437,230	122,120,264
Oct 29, 2017	1.18	1.26	1.16	1.24	1,969,690	116,675,472
Oct 28, 2017	1.18	1.20	1.14	1.15	1,495,260	116,927,968
Oct 27, 2017	1.21	1.22	1.11	1.17	2,067,650	119,682,680
Oct 26, 2017	1.26	1.26	1.10	1.21	2,400,010	124,854,120
Oct 25, 2017	1.24	1.27	1.17	1.25	2,288,360	123,114,512
Oct 24, 2017	1.18	1.38	1.14	1.25	4,833,390	116,532,224
Oct 23, 2017	1.23	1.28	1.10	1.18	2,355,560	121,922,136
Oct 22, 2017	1.26	1.30	1.18	1.21	1,631,220	124,292,464
Oct 21, 2017	1.24	1.27	1.17	1.25	1,331,640	122,514,952
Oct 20, 2017	1.28	1.37	1.22	1.24	1,703,230	128,326,496
Oct 19, 2017	1.33	1.35	1.25	1.28	1,791,220	132,868,352
Oct 18, 2017	1.39	1.42	1.21	1.33	2,311,140	139,350,816
Oct 17, 2017	1.44	1.47	1.36	1.39	1,744,390	143,768,304
Oct 16, 2017	1.56	1.60	1.39	1.44	2,960,330	155,599,088
Oct 15, 2017	1.50	1.68	1.41	1.56	5,987,930	149,512,704
Oct 14, 2017	1.47	1.54	1.41	1.54	3,355,060	146,932,240
Oct 13, 2017	1.34	1.51	1.18	1.44	5,705,760	133,650,552
Oct 12, 2017	1.43	1.44	1.28	1.34	5,275,850	142,996,272
Oct 11, 2017	1.40	1.46	1.38	1.43	6,123,140	139,944,048
Oct 10, 2017	1.43	1.47	1.34	1.39	6,912,770	143,107,280
Oct 09, 2017	1.21	1.58	1.21	1.40	9,667,100	120,771,024
Oct 08, 2017	1.58	1.60	1.22	1.22	4,515,300	157,617,504
Oct 07, 2017	1.61	1.61	1.50	1.58	5,578,780	160,525,520
Oct 06, 2017	1.68	1.71	1.53	1.58	6,076,260	167,731,248
Oct 05, 2017	1.63	1.74	1.42	1.68	7,503,500	163,499,040
Oct 04, 2017	1.85	1.86	1.52	1.60	7,227,750	185,150,480
Oct 03, 2017	1.97	2.03	1.67	1.82	14,411,500	196,782,800
Oct 02, 2017	1.53	1.98	1.51	1.96	19,367,700	152,662,416
Oct 01, 2017	1.28	1.53	1.26	1.53	9,043,600	128,417,864
Sep 30, 2017	1.27	1.31	1.23	1.28	6,194,570	127,000,048
Sep 29, 2017	1.37	1.37	1.14	1.27	8,474,270	136,698,368
Sep 28, 2017	1.15	1.43	1.15	1.38	13,944,300	114,843,176
Sep 27, 2017	0.855698	1.20	0.855698	1.14	8,394,020	85,569,784
Sep 26, 2017	0.918922	0.940082	0.859212	0.860747	3,460,160	91,892,224
Sep 25, 2017	0.784244	0.936568	0.773316	0.917059	3,695,220	78,424,424
Sep 24, 2017	0.775804	0.788347	0.736221	0.783268	2,402,720	77,580,384
Sep 23, 2017	0.717196	0.777400	0.707845	0.770965	2,276,080	71,719,560
Sep 22, 2017	0.698871	0.740154	0.683260	0.715893	2,099,500	69,887,128
Sep 21, 2017	0.764013	0.781775	0.684281	0.702140	2,238,040	76,401,320
Sep 20, 2017	0.815032	0.816384	0.743676	0.747890	2,536,950	81,503,208
Sep 19, 2017	0.907398	0.909132	0.787653	0.802425	2,888,420	90,739,824
Sep 18, 2017	0.789565	0.937029	0.787604	0.909202	3,717,860	78,956,480
Sep 17, 2017	0.803423	0.814797	0.733745	0.789589	1,273,640	80,342,320
Sep 16, 2017	0.808056	0.927197	0.746113	0.804198	2,829,570	80,805,568
Sep 15, 2017	0.683305	0.849217	0.526755	0.799709	4,625,680	68,330,464
Sep 14, 2017	0.937870	0.950177	0.673482	0.678784	3,134,360	93,786,960
Sep 13, 2017	1.04	1.04	0.880241	0.937204	2,780,700	104,290,464
Sep 12, 2017	1.03	1.21	0.987632	1.04	7,213,490	103,348,480
Sep 11, 2017	0.949186	1.10	0.902000	1.03	5,167,180	94,918,640
Sep 10, 2017	0.982078	1.00	0.852385	0.942159	3,257,430	98,207,824
Sep 09, 2017	1.01	1.03	0.863061	0.989301	4,011,510	100,920,272
Sep 08, 2017	1.40	1.40	0.946601	1.01	9,872,850	139,803,568
Sep 07, 2017	1.03	1.51	0.956745	1.37	15,442,300	103,433,968
Sep 06, 2017	0.990521	1.17	0.735500	1.09	14,279,400	99,052,080
Sep 05, 2017	1.03	1.12	0.740622	0.973716	9,453,770	103,250,944
Sep 04, 2017	1.58	1.58	0.613010	1.05	20,075,100	157,665,280
Sep 03, 2017	1.93	2.02	1.42	1.58	11,662,000	192,547,920
Sep 02, 2017	2.50	2.85	1.72	1.99	22,995,400	249,999,808
Sep 01, 2017	2.20	2.39	2.12	2.38	20,990,700	220,168,800
Aug 31, 2017	2.33	2.41	2.20	2.20	20,214,800	232,823,328
Aug 30, 2017	2.28	2.37	2.09	2.35	24,830,000	228,194,384
Aug 29, 2017	2.11	2.33	1.99	2.33	20,372,000	210,625,488
Aug 28, 2017	2.02	2.17	1.96	2.04	15,413,900	202,149,088
Aug 27, 2017	2.18	2.31	1.86	2.01	17,214,900	217,996,720
Aug 26, 2017	2.53	2.54	1.96	2.17	26,690,700	253,038,192
Aug 25, 2017	2.39	2.73	2.39	2.50	49,977,600	239,056,896
Aug 24, 2017	2.63	2.66	2.28	2.38	45,080,400	262,736,272
Aug 23, 2017	2.47	2.96	2.47	2.58	64,925,100	247,397,376
Aug 22, 2017	2.72	2.72	2.22	2.49	52,091,300	272,445,184
Aug 21, 2017	2.43	2.91	2.43	2.70	72,000,600	243,074,816
Aug 20, 2017	2.11	2.69	2.08	2.50	65,350,400	210,821,104
Aug 19, 2017	2.33	2.33	1.82	2.09	43,391,300	233,440,464
Aug 18, 2017	1.93	2.75	1.89	2.38	69,048,000	192,518,576
Aug 17, 2017	1.44	2.11	1.32	1.97	61,296,500	143,697,392
Aug 16, 2017	1.12	1.45	1.08	1.44	31,363,100	111,968,752
Aug 15, 2017	1.33	1.38	0.923372	1.06	19,824,400	132,708,776
Aug 14, 2017	0.872918	1.46	0.735764	1.30	51,698,100	87,291,808
Aug 13, 2017	0.445990	1.02	0.445990	0.876828	13,852,100	44,598,976
Aug 12, 2017	0.392193	0.475992	0.337589	0.446365	5,080,760	39,219,300
Aug 11, 2017	0.348785	0.409654	0.311067	0.392572	4,413,920	34,878,516
Aug 10, 2017	0.251827	0.349976	0.245052	0.349079	4,118,070	25,182,716
Aug 09, 2017	0.224748	0.260625	0.222158	0.242912	3,075,320	22,474,798
Aug 08, 2017	0.148998	0.226925	0.147766	0.224421	2,617,340	14,899,814
Aug 07, 2017	0.133958	0.149765	0.133300	0.148848	748,177	13,395,821
Aug 06, 2017	0.129293	0.132988	0.127380	0.130999	393,681	12,929,250
Aug 05, 2017	0.107418	0.144653	0.107070	0.128871	542,878	10,741,803
Aug 04, 2017	0.106685	0.107756	0.102699	0.107494	287,621	10,668,513
Aug 03, 2017	0.100328	0.106978	0.099120	0.106642	293,008	10,032,777
Aug 02, 2017	0.099721	0.101211	0.097361	0.100452	256,793	9,972,124
Aug 01, 2017	0.104595	0.106266	0.096109	0.099867	300,413	10,459,524
Jul 31, 2017	0.106828	0.108349	0.101600	0.104250	240,309	10,682,768
Jul 30, 2017	0.107935	0.108138	0.103162	0.106414	224,261	10,793,544
Jul 29, 2017	0.104782	0.111264	0.101108	0.107811	340,218	10,478,243
Jul 28, 2017	0.107632	0.109019	0.101473	0.104067	342,568	10,763,156
Jul 27, 2017	0.105108	0.108479	0.100888	0.107737	344,499	10,510,780
Jul 26, 2017	0.105893	0.109013	0.099266	0.105138	200,395	10,589,255
Jul 25, 2017	0.115203	0.115841	0.101531	0.105870	145,269	11,520,267